0.1
-1.15704422657355,-0.798047883630778
3.04293464514736,4.24502580237634
-1.15700300506011,-0.799864343104813
3.08624614540241,4.27557011285561
0.2
-1.1563655545318,-0.796200709958558
3.02747144602372,4.23653383570578
-1.15700300506011,-0.799864343104813
3.08624614540241,4.27557011285561
0.5
-1.15453123595504,-0.792186380334136
3.00439370927086,4.22133226077501
-1.15700300506011,-0.799864343104813
3.08624614540241,4.27557011285561
1
-1.15261238313451,-0.787796845910565
2.98526542328672,4.2056569190851
-1.15700300506011,-0.799864343104813
3.08624614540241,4.27557011285561
2
-1.15071967044038,-0.7818686464181
2.96520640627441,4.18603381547411
-1.15700300506011,-0.799864343104813
3.08624614540241,4.27557011285561
5
-1.14913701030918,-0.770145563472058
2.93973910890262,4.15514863542019
-1.15700300506011,-0.799864343104813
3.08624614540241,4.27557011285561
10
-1.14897546223593,-0.756499095186347
2.92477961258383,4.13134564939877
-1.15700300506011,-0.799864343104813
3.08624614540241,4.27557011285561
20
-1.14958823729295,-0.736625985963204
2.91967363773657,4.11303471064889
-1.15700300506011,-0.799864343104813
3.08624614540241,4.27557011285561
50
-1.15097282639173,-0.695975069047644
2.95423772873239,4.11284897021653
-1.15700300506011,-0.799864343104813
3.08624614540241,4.27557011285561