0.1
-1.09442909292132,-0.739364234068107
3.01447857847266,4.19070483757293
-1.15700300506011,-0.799864343104813
3.08624614540241,4.27557011285561
0.2
-1.05306313210894,-0.713540934278201
3.0009828497951,4.16139158838058
-1.15700300506011,-0.799864343104813
3.08624614540241,4.27557011285561
0.5
-0.999600901806647,-0.691672889959526
2.97961242554574,4.13619580826331
-1.15700300506011,-0.799864343104813
3.08624614540241,4.27557011285561
1
-0.986286398875555,-0.646525231671594
2.97796826432597,4.10136141254588
-1.15700300506011,-0.799864343104813
3.08624614540241,4.27557011285561
2
-0.949820550793172,-0.620982047912183
3.01828612421382,4.07000745697959
-1.15700300506011,-0.799864343104813
3.08624614540241,4.27557011285561
5
-0.957541682862765,-0.568556729729395
3.22044211812054,4.04764457740429
-1.15700300506011,-0.799864343104813
3.08624614540241,4.27557011285561
10
-0.966660737369423,-0.508354927859065
3.45874556589452,4.03577739034762
-1.15700300506011,-0.799864343104813
3.08624614540241,4.27557011285561
20
-1.05075709509232,-0.426957238674434
3.75886140371205,4.17182806200661
-1.15700300506011,-0.799864343104813
3.08624614540241,4.27557011285561
50
-1.08501386669346,-0.259249920605319
4.43737895489051,4.69524872567248
-1.15700300506011,-0.799864343104813
3.08624614540241,4.27557011285561