0.1
-1.13414687240193,-0.784409257664888
3.03422951282376,4.22406077434712
-1.15700300506011,-0.799864343104813
3.08624614540241,4.27557011285561
0.2
-1.132976991394,-0.777104586663054
3.02597024267945,4.21615458635915
-1.15700300506011,-0.799864343104813
3.08624614540241,4.27557011285561
0.5
-1.11419416615434,-0.764648171505962
3.00667363311349,4.20245017236939
-1.15700300506011,-0.799864343104813
3.08624614540241,4.27557011285561
1
-1.09951241513114,-0.760029345986614
2.99774718267467,4.18450533341263
-1.15700300506011,-0.799864343104813
3.08624614540241,4.27557011285561
2
-1.08701152453181,-0.745994121401306
2.97764305807221,4.18039273971625
-1.15700300506011,-0.799864343104813
3.08624614540241,4.27557011285561
5
-1.06819383291809,-0.747414234235128
2.98115127636494,4.17908789853063
-1.15700300506011,-0.799864343104813
3.08624614540241,4.27557011285561
10
-1.04116698034895,-0.738265353249556
3.01747772118711,4.16755931986109
-1.15700300506011,-0.799864343104813
3.08624614540241,4.27557011285561
20
-1.0030178110078,-0.740435829053578
3.10500180993477,4.15079517314326
-1.15700300506011,-0.799864343104813
3.08624614540241,4.27557011285561
50
-1.01332459473337,-0.709009038691888
3.39033342878915,4.29346788163391
-1.15700300506011,-0.799864343104813
3.08624614540241,4.27557011285561